                                             mean       sum  count    min     max
Sexo    Comunidades                                                              
Hombres 01 Andalucía                    29.132496  19373.11    665   7.10   83.14
        02 Aragón                       17.336947  11529.07    665   0.56   93.03
        03 Asturias, Principado de      22.800887  15162.59    665   0.61  100.00
        04 Balears, Illes               21.092962  14026.82    665   0.55  100.00
        05 Canarias                     28.999910  19284.94    665   2.85   96.89
        06 Cantabria                    19.148953  12619.16    659   0.39  100.00
        07 Castilla y León              19.202496  12769.66    665   2.37   81.10
        08 Castilla - La Mancha         22.433609  14918.35    665   2.89   84.56
        09 Cataluña                     20.919579  13911.52    665   2.22   82.16
        10 Comunitat Valenciana         23.567489  15672.38    665   3.39   80.58
        11 Extremadura                  26.914256  17897.98    665   5.61   89.58
        12 Galicia                      20.112226  13374.63    665   3.48   77.96
        13 Madrid, Comunidad de         20.264902  13476.16    665   1.51   85.34
        14 Murcia, Región de            22.420451  14909.60    665   1.87   89.03
        15 Navarra, Comunidad Foral de  16.818896  11117.29    661   0.00  100.00
        16 País Vasco                   18.655331  12387.14    664   0.74   81.56
        17 Rioja, La                    18.082941  11988.99    663   0.00   85.02
        18 Ceuta                        32.186898  20857.11    648   0.00  100.00
        19 Melilla                      31.031502  19829.13    639   0.00  100.00
        Total Nacional                  22.928464  15224.50    664   4.38   75.26
Mujeres 01 Andalucía                    34.951789  23242.94    665  10.24   86.77
        02 Aragón                       21.254346  14134.14    665   0.00   90.24
        03 Asturias, Principado de      24.569199  16264.81    662   1.74  100.00
        04 Balears, Illes               22.105459  14700.13    665   1.35   84.88
        05 Canarias                     31.426015  20898.30    665   3.84  100.00
        06 Cantabria                    21.558121  14228.36    660   0.93  100.00
        07 Castilla y León              25.104586  16694.55    665   4.54   88.00
        08 Castilla - La Mancha         30.605233  20352.48    665   2.83   91.04
        09 Cataluña                     20.994256  13961.18    665   4.39   77.24
        10 Comunitat Valenciana         26.488211  17614.66    665   3.63   85.53
        11 Extremadura                  35.970586  23920.44    665   8.39  100.00
        12 Galicia                      23.815414  15837.25    665   3.15   80.96
        13 Madrid, Comunidad de         21.392195  14225.81    665   1.68   92.21
        14 Murcia, Región de            26.597248  17687.17    665   1.13   93.51
        15 Navarra, Comunidad Foral de  18.736793  12385.02    661   0.00   86.10
        16 País Vasco                   19.797078  13145.26    664   2.36  100.00
        17 Rioja, La                    22.104416  14566.81    659   0.00  100.00
        18 Ceuta                        42.763251  27625.06    646   0.00  100.00
        19 Melilla                      40.619117  25305.71    623   0.00  100.00
        Total Nacional                  25.860481  17197.22    665   6.21   79.11